12 55
40 62
48 89
45 57
32 98
7 37
9 28
22 52
23 39
13 44
43 20
41 89
24 97
28 40
36 3
24 74
16 26
7 2
4 70
49 43
34 41
19 79
43 89
47 78
7 7
8 71
28 83
28 91
41 49
13 37
37 43
33 4
3 55
3 1
49 72
1 11
32 88
3 97
25 0
2 78
39 69
38 57
41 51
44 73
38 28
18 9
5 61
29 14
0 81
22 69
40 22
26 46
27 56
23 54
17 64
41 80
31 34
27 28
6 97
33 82
47 83
32 19
15 37
49 96
46 93
32 5
22 78
0 13
21 76
21 0
10 33
31 97
9 27
30 97
30 34
27 26
48 11
0 4
5 17
33 68
22 6
10 70
6 81
23 63
0 83
16 11
9 58
5 25
26 19
2 26
27 89
11 3
32 69
34 20
3 70
13 0
48 34
4 29
7 96
47 98
43 93
6 94
5 57
35 93
46 32
2 90
12 45
48 44
18 24
12 71
26 86
8 61
20 90
22 45
27 62
4 52
38 2
47 69
36 30
39 81
27 79
32 57
45 30
39 93
7 65
19 78
22 2
26 82
29 21
38 95
3 43
49 69
20 16
20 67
22 26
8 50
16 88
38 83
8 87
40 44
17 7
26 70
42 97
15 77
2 77
36 82
40 77
46 93
4 16
48 81
