31 23
28 97
38 5
33 16
31 75
37 17
45 99
32 17
1 59
20 19
16 26
44 81
46 30
34 74
32 62
36 26
45 42
28 73
1 2
3 36
43 15
37 83
22 96
44 14
11 88
7 27
9 66
36 89
34 99
45 19
25 6
11 99
21 57
32 35
2 11
21 35
13 96
8 82
28 59
43 33
2 77
5 12
16 47
48 16
34 51
2 20
32 92
8 28
16 52
39 64
22 1
6 18
16 85
41 42
25 90
10 99
43 68
43 33
32 36
7 19
26 2
33 55
44 0
49 71
46 89
6 6
16 96
21 50
13 72
23 40
35 0
21 49
3 91
18 13
12 51
10 76
40 68
14 25
41 76
29 80
26 95
46 9
32 46
13 73
30 28
7 97
12 30
7 88
32 74
17 88
4 22
15 35
7 59
26 99
1 27
10 63
31 63
29 4
3 54
16 62
35 75
27 62
3 87
38 60
27 40
49 50
8 66
7 27
44 21
9 17
7 46
38 21
32 37
39 23
41 85
7 90
25 70
42 85
36 42
6 3
5 45
36 4
41 39
38 89
26 52
46 76
24 26
26 81
25 84
36 87
47 46
45 43
47 73
29 58
33 33
41 2
20 2
36 94
4 57
24 67
14 35
39 24
43 1
10 18
48 46
7 71
8 90
41 6
48 32
30 24
