35 53
35 0
47 30
17 77
31 67
9 90
23 80
47 66
17 10
34 57
25 9
22 68
33 7
20 99
3 26
31 6
38 93
7 30
25 51
9 99
33 78
14 13
44 58
42 17
46 84
7 36
30 39
49 41
22 0
45 43
33 77
26 18
25 87
49 62
30 70
49 91
33 12
39 6
9 46
9 90
23 65
32 19
3 90
7 5
26 89
6 33
20 12
27 47
40 84
15 7
17 95
1 52
0 3
20 47
11 81
37 54
38 67
43 18
18 73
16 26
20 4
10 8
39 19
47 5
45 58
19 34
33 74
0 2
26 17
49 75
20 52
3 52
45 15
0 13
38 52
33 49
29 56
12 28
46 62
49 23
4 2
48 17
23 19
46 40
47 69
45 22
41 93
36 59
18 57
14 82
46 95
47 59
21 46
14 91
45 90
3 82
31 9
21 38
23 88
44 59
46 71
11 64
24 82
41 87
46 53
19 40
25 73
44 78
5 65
5 59
28 61
30 62
25 82
14 35
38 42
13 48
29 98
12 11
34 35
6 15
45 68
43 46
13 4
9 59
7 86
38 20
3 37
26 31
46 81
10 28
40 73
15 26
12 60
45 97
26 93
14 78
3 73
33 34
19 36
1 25
12 27
36 5
20 80
0 29
17 47
39 4
36 9
10 53
16 4
2 88
